3988.7769691944122
3872.491869211197
3702.723680973053
3677.1609029769897
2387.5483870506287
1699.431702375412
2113.4732818603516
2059.089625120163
1742.8896479606628
1793.0956275463104
1967.7934238910675
1701.2346768379211
1584.7671656608582
1784.3223946094513
1344.2675976753235
1561.378279209137
1444.5757765769958
1467.1307845115662
1638.027718782425
1557.8774900436401
1704.7458744049072
1716.4264826774597
1745.8325304985046
1626.3605148792267
1743.9592270851135
1677.9895162582397
1744.5054264068604
1747.9076104164124
1776.3520939350128
1890.8496487140656
1791.6138370037079
1831.0834286212921
1836.922786474228
1338.8018860816956
1308.4481000900269
1193.2392466068268
1202.486144065857
1225.8530752658844
1296.6387031078339
1246.110554933548
1190.6441130638123
1171.6891458034515
1185.8908631801605
1213.1957590579987
1207.3713133335114
1194.2727220058441
1156.5110487937927
1198.0991606712341
1169.8908152580261
1363.5613448619843